794582136268931745315476982689715324432869571157243869821657493943128657576394218
249186573735942186168375429512697348976834251483251967694723815327518694851469732
653287941794631258128945376819724563236859417547163829965372184372418695481596732
152479683368215974974638512416387259783952461529146837237864195891523746645791328
894317265731526894562984173358642719247139586619758432173465928925873641486291357
168295374529734618437186529312578496875649132694312785786951243951423867243867951
597468132318927564642153897456832971821796345973514628735641289164289753289375416
379521684284736519651498372732845961548619723196273845917364258425987136863152497
526394871817652349394817526148736952632985714759421683975143268281569437463278195
742698513816523947539714682381952764965847231427136859653479128174285396298361475
184726539376859142925413786652137498713984625849265317591372864468591273237648951
715986423689243715324175968963418572841752639257639184132564897596827341478391256
156938427427156938398472561534689712869217354712543896243891675675324189981765243
582946731934187625671235849168492357345768912729513486456871293293654178817329564
623815947479236185851794326934678251718952634265143798596387412142569873387421569
762149853385672914194583762527316498946827531831954276453768129219435687678291345
128397546397654812654218937786531294942786351513942678469875123875123469231469785
569143287287965431413872695635729148872514963941386752326457819154298376798631524
893426175426571398157938246512789634968314527734265981679853412241697853385142769
289634751465719823713582649152376984637498215894125376321947568976851432548263197
172945386854361279963278451531682947628794135749513862317826594286459713495137628
781345629296871354345269187637412895958736412124958736563197248472583961819624573
123647985958321674647895321572964138469138257831752496794513862286479513315286749
416579823957823461382641795174395682529486317638712549243167958895234176761958234
358179642642538971791264538935617284264893157817425396183756429429381765576942813
879346152125987643634215879587639421243178596961524387752461938418793265396852714
478359612265417893319826457784965321531274968926183574642798135153642789897531246
982467315135298674764315298493751862517682943628934157341529786259876431876143529
358291647746385291129647385412569738965738412873124956537916824281473569694852173
512763984679485231834129576951834762723691845468572193287316459395247618146958327
538697142412385679967214853726541398384962517159873264643129785875436921291758436
829547163574136298136289754463752819798361542215894376952413687341678925687925431
398625174456731289721489356975148623263597418184362795619254837837916542542873961
934715628651842793827936145518627934349158276762394851283469517496571382175283469
713469852456182973892375614169253487274891536385746291541927368638514729927638145
137892456289645731654173928863721549721954683945368217372589164416237895598416372
368914527752638914941257638236149875419785362587326149824563791173892456695471283
823697415967154832514328697652831749471569283389742156196285374248973561735416928
456712893813459762729863415384625179197384256265971384538146927972538641641297538
752168349169345287834972615948731562315426798627589134481253976296817453573694821
932715864586342197417968532169827345728534619345691728891253476674189253253476981
951243786673815249248967351389756124567421938412398567895672413726134895134589672
146582973287349156395761248973624815851937624624815397718253469469178532532496781
219537486375486291684129375167945832498263157523871649841792563956314728732658914
416239785285167439397584612748953261932816547561742893173428956859671324624395178
896572413752143689314698572967354128435821796128769354281437965549216837673985241
739528416428176935165934782942751368517863249683492571351287694274619853896345127
521683497439721856687549213968174325714352968253896741172935684846217539395468172
254396871617458932938712456893265147741839625526147398162974583379581264485623719
695341782341728569827659314536894271784216935219573846168935427452187693973462158
417562938256389471938147265321956784574831629689274153165428397842793516793615842
987354612216978345543621978698432751324715869175869423462593187731286594859147236
945832176823617954716549832687254319351968247294371568572186493439725681168493725
752163984498527136316948752579816243861432597243759861927684315184375629635291478
563479218749128536281563479875632194914857623632941857126394785357286941498715362
374285691619437582582169734267598413958314267143672859426951378795843126831726945
968314752341752689527896134183467295674925813259183476415279368836541927792638541
284136759756489321139572648463951287517824936892367514378615492925748163641293875
326497581758316249149852673835164792294785136617923854962538417481279365573641928
174582936582396147396174582645738291219645378738219654863927415451863729927451863
284159736716342958395876124462513897978624513531798642857231469143967285629485371
749861532362945187518372469187529643956413278234687915493756821671298354825134796
958764123746132589132895476315927648279486351864513297521678934497351862683249715
453671829612839457798425316564193782931287564287546931829314675146758293375962148
496231857752468931318579426641387295983625714275194683127956348834712569569843172
142785639587963142936214785451632897829471356763598214615347928374829561298156473
741563982639284517825971346492735168167849235358612479273156894984327651516498723
543976128712835496698214537167459283329681754485327619871543962934162875256798341
264579138583612974179384652312465897897231465645897213958726341726143589431958726
941826573283175496765493128524689731316742859897351264658234917179568342432917685
728391564563248197941576823132785946675914382894632715289457631356129478417863259
247381596569274183831965472498617235352498617716523948684132759975846321123759864
351748926478692135926153784517864392234975861869321457782436519195287643643519278
152387694837649215469251738983714562214563987576892341345126879621978453798435126
297583641641729835385641972764152389813497526952368417539214768178936254426875193
328945761459167382671823495296431857837259614145678923712396548983514276564782139
718632549326594187495718632134975268567283491982146753671359824859427316243861975
159268437473159628862347159341726895695834712287915346538472961916583274724691583
146573829528169437379842516457236981981754263632981745293415678815627394764398152
482396157369571482157284369895632714236417598714958236978143625643825971521769843
395816247168724935247395168839651724472938651516247893721463589954182376683579412
462518793813796542579324168354187629296453871187269435941872356635941287728635914
731982456546173928829465173985236741174598362263741589397824615458619237612357894
896321754213475698574698132729183465345267981681549273937814526168952347452736819
728391645136245879945678132612753498894162753357984216579816324281439567463527981
291356748478921365356478192537892416614735289829614573942567831765183924183249657
365928741417653289289147536674591823832476195591382674148735962926814357753269418
372864159984512367615937824238691475749325681561478932426153798153789246897246513
675183942839274516241965387497328651168759234523416798754631829982547163316892475
984167523615234987237859461346795812872413659159682734761348295528971346493526178
137954286682173459495682137751829643928436571346715892863247915274591368519368724
597146823382597164146283759418752396963814275725369418854921637671435982239678541
254319867867542139931786425146935782593278641728164953472893516615427398389651274
834219765291765834756348192365487219182693457479521386528934671617852943943176528
981346257436257819257918346812795634645831972379462185763589421598124763124673598
495768213326514879187923654239185746714296538568437921651379482973842165842651397
816923457745186329392574816127869543589347261463251798678412935954638172231795684
725198643198634275643257891582913467917462538364875912239541786451786329876329154
534271986198643527762895413681329745329754861475168239913582674257436198846917352
891345267247618593536927814489736152673152489152489376724861935368594721915273648
738941256256738941419256738582694173694317825371825469865479312927163584143582697
418637295673925418925841367831564972546279183297183546784312659369458721152796834
973562841625148793481397256859714632714236589362859174198673425246985317537421968
325918746781463295964752183158649372476325819239871564842597631613284957597136428
734986251869125743521734986247698135156347829983512467415873692378269514692451378
314892765267543819589176234752461398146389572893725146938657421675214983421938657
972136485814725936536498712369241578128579364457683291643912857291857643785364129
168352974759814623324976158647528391913647582582193746435781269296435817871269435
932648157684751329751293486479132865318567942265984731523419678147826593896375214
759346821162785493843921765971853246285694317436172589518267934627439158394518672
164283597329576481785149632576428913831957246492631875647395128953812764218764359
927635481418297365356814792194368257683572149572149638239481576765923814841756923
247138569693425781518967432725694813964381275831752946372819654189546327456273198
183259476274638591659714328415387269392146785768592143937465812821973654546821937
643572819251849637798631245137928456465713928829465371384197562516284793972356184
312785694957416382468392157634821975281579463579643218893154726726938541145267839
792468351486315972351927684275189463819643527643572819967831245524796138138254796
827643159346519287591278643459781362263954718178362495734896521915427836682135974
815743629734296815629518473487651932961432758253879164378965241596124387142387596
568143297341972658927658341684217539132895764795364182413529876876431925259786413
571682943329514786648379215762841539493725168815963427256498371137256894984137652
268971345579243681413685297694528173825317964137469528941756832382194756756832419
736482591159736824428591367245319786891627435367845219583964172972158643614273958
735416928491328756862975143976154382328769415514283697689531274157642839243897561
625798431143256798798314652461539287957842163382167945816923574239475816574681329
138627549962145873745398612529483167473916258681752394217869435896534721354271986
231479856486512397579683124712394685358261479694758231827145963945836712163927548
473681925281975346596342781768513492135294678942867513627139854319458267854726139
564827913178539264293164857816375492942618735357942681731286549629453178485791326
743251698261984357598376421386527914412869735975143286659712843127438569834695172
543968172876521349192437658938276415451893267627145983719384526384652791265719834
983251467476398215251467389365714892714982536829635741532146978648579123197823654
571269348348175926962843517653417892189532674427698135894751263236984751715326489
294167385786453291135982746867295134952341678341876529423619857679528413518734962
974381562318256794562479138253948671487615329196732845645127983839564217721893456
567218349394675821182394576921736458846521793735489612258143967679852134413967285
329158476168347295457296381213975648674813952895462137542689713986731524731524869
692347185347158962851296734476913528528674391913825647235461879789532416164789253
643521987179648523258379164924765831831294756765813249516487392392156478487932615
589421736216873549374596821935182467647359182821647953492738615768215394153964278
367425981524819376189376524615298743873641295492753618758132469231964857946587132
317264958924815376865973142592348617476192583183657294658739421241586739739421865
492837651615249738738156924984371562356982147127564389273495816549618273861723495
925318746746295381813674592264537918581429673379186254432951867157863429698742135
928173654365849712147265398412957836836421975579386241781694523253718469694532187
618294537924357816573681924236948751795136482481725693867512349149863275352479168
165378924389142765427659831694825317731496582852713649516984273948237156273561498
684712953392586714157934826821457369745693281936821475418375692573269148269148537
953246178812357496764198532275931684146872359398465217481529763639714825527683941
764285139853179264912436785547318926381962457629754318436827591278591643195643872
894526731356719842721384956419657328675238194238941567143892675587463219962175483
432875916916324857875169324359246781748531269621987543563718492294653178187492635
698421753153876294742359186426185937581937642937264815215748369369512478874693521
853926174174835926629471358396758241582149637741263589268394715435617892917582463
158496732732581649649237581325169478916874253874352196591728364287643915463915827
824375916357691248169248357483952671716483592592716483275864139931527864648139725
965321847847965132132487956281546379459173628376892514528614793793258461614739285
649823751587419632213756498138547926926381547475962813364298175892175364751634289
764891253532476918189352467425689371918537624673124895341965782897213546256748139
932184675567329184814567932326758491149236857758941326493675218671892543285413769
654289371137456892829137546361578429578942613942361758283794165716825934495613287
856297143319468752742315986561784329487923561293651478124536897978142635635879214
457893261162457983398162754974385612216749538835621479589236147641978325723514896
926781345781543629543629187314978256652314798897265413238496571469157832175832964
735196284169824375824375619392687451451239768687451932943568127278913546516742893
571642938249358716368719254857126349426983175193574682712465893635891427984237561
865792431341586279792314658973425186526871394184639527658943712417258963239167845
398152674215467839476389251869543127134276598752891346581924763643715982927638415
694571382852369147137482596276813459915247638348695721421738965783956214569124873
524817693763592481189463752412978365356241978978356214837625149645139827291784536
758162934146973825329584617571436298682719543493825761864397152215648379937251486
938542167625317948741689532189435726267891354453276891316754289892163475574928613
986742135725316849134958267497583612563291784218674953651427398342869571879135426
962143578345678912178925634796582341251436897483791256527819463634257189819364725
637259814184673529925418673476985231859321467312746958768534192291867345543192786
492571638156843279738692145819425763673189452524736891287354916965217384341968527
951842376634759182287361495429513768513678924768294531895127643346985217172436859
267389541415627839893145726978463152521798364346251987752814693639572418184936275
968327541731845296425916873384659712516278934279431658847563129653192487192784365
182396547974852631536714982427963815319548276658127394865479123243681759791235468
721894536356217948849563217597432681168975423234681759413759862675128394982346175
852613794496872315731549826619438572583927461274156983928364157147285639365791248
375624189981573264246891357413267895659438721827159643162745938794386512538912476
197264583358197624264853971843526719526719438719348265471635892982471356635982147
618239457329754168745186392532891674196427583487365921251973846864512739973648215
823917456465238791197564832978643215251879364634152978549786123786321549312495687
538412967691873452427956138975631824316248795284795316142589673763124589859367241
642591387731824695598367412156932748429786531873415926385279164217643859964158273
328961475754328619916754832149572368673489521285613794531246987897135246462897153
342159786519876423687243159928731564751624938436598217893415672174362895265987341
231694587758231496946785132173528649582946371469317825624173958317859264895462713
194573628387162549256489317843296751962715483715834296579621834621348975438957162
256938741147652398398741256972864513684513972531297864815376429763429185429185637
582973614164582379397614852735149286628735491419268537253497168876321945941856723
298673145456192783713485962624719538371856429985324671537948216849261357162537894
864735912971862453352914876426593187539178264187246539698457321745321698213689745
712934685835612974694857123463729851279581436158463297327196548546278319981345762
573891462198264573426573918857349126349612857612785349731956284284137695965428731
641829573982357461375461298439615827156278349728943615867594132594132786213786954
849321765312576948657948213273819654465237189981465372194783526526194837738652491
249376185581942376637581294965713428718429563324865719152638947496257831873194652
475638192368921754219475386526147938983562471147389625831296547692754813754813269
973142568846357129251689374362791485417568293589234716625913847798425631134876952
389271465271465398465398271812759634654832719937614852543187926126943587798526143
951438267476521893832796451298175346563849712147263985729614538684357129315982674
165284937437619285298357641823491756576832194941576328659143872782965413314728569
367128954145679823982354671871236549453917286296845137624593718539781462718462395
974285163186347925532691784713452698425869371698173452841726539257934816369518247
921386574345719826768245319289631457613457298574928163456173982892564731137892645
835126947972483651641597238369218475514769823728354196193645782456872319287931564
237168495159247638468539172623981754874325916591476283782693541945812367316754829
481923567567418239932576184819354672354762891276189453748691325125837946693245718
974356128365821497218497563547913286139682745826745931453278619782169354691534872
345987216126534879978162453764293581581746392239851647492675138657318924813429765
697354812453128697812679435761892543539746281284531976145283769976415328328967154
158269347296347185734185269583924716972618534641573928367852491825491673419736852
816359742793246815245187936531678429924513678687924351358462197179835264462791583
921873546675491382438625971396582417582714639147369258759136824213948765864257193
287913564931654287564728913476582139153497628829361475715846392648239751392175846
981745362352961847764328591827514936195637284436892175279453618618279453543186729
195362478643187952728954361864295137231678549579413826457821693386749215912536784
869275341527431689341968725416587932293614857758392164174823596682159473935746218
837564219294173658516928743175386924623491587489752361358247196941635872762819435
567938412194267358283154679472315896859426731631879524348591267926743185715682943
836524197714693852529718634652431789987265341143987526398146275471852963265379418
653724918249186375871395246964873152387512469125469783792648531516937824438251697
498751326751623498263489715925147683147368259386295147872534961534916872619872534
392784165615293847847156392951378426426519738738642951284967513173425689569831274
873149256295376814614852379439761582761285493528493761387614925946527138152938647
861543927357928146429176538713694285285731694946852371172469853694385712538217469
964571832375862194821943576513724689742689315689315427437196258258437961196258743
293158476518746239476239518861425793347691825925873641682917354134582967759364182
367821954821594673954376218682137549713945826495682731136259487249718365578463192
983761254452983671167524938639847125845312796721659483296435817574198362318276549
163489725952713684487625931539846172216597348874231569325968417741352896698174253
761345289589217463432896571128753694357964128946128357274581936815639742693472815
632458917584971263197362845859246731713589426246713598375194682461827359928635174
617489523498352617352176849126748395843295176579631284964813752285967431731524968
163842957928375416754691832831567294692134785547928361289416573376259148415783629
386245917157968432249371865892736541764152398531894276915487623478623159623519784
475918623918632574263574189759346218132789465846251397527193846694825731381467952
276358419193674285854912763537146892968723154421895376689431527312567948745289631
671924583825376194394518267569832741147659832283147956756293418418765329932481675
259473618874169325361582947735928461642315789198746253526837194483291576917654832
321659784487213965956874312894762531612395847573148629145936278239487156768521493
298156734561734829437289156859413267143672985672895341316948572725361498984527613
394218765182765439576943218643159827827436951915827643459382176761594382238671594
598462317173985426426317589214639875839571642765824931352198764647253198981746253
862951374475863129391247586938716452527489631614532897756198243243675918189324765
821756493749832165536194278963245781257681934418379652684517329175923846392468517
679382514832145697145769283296438751483517962517926348924853176358671429761294835
986415372237986451145273896812597643654321987379864125593642718461758239728139564
479236815683514972521798634246357198198462357735189426954623781362871549817945263
394781562265439178781265943132548796679123854548976321913654287826397415457812639
451923867786541923923867145897136452235489716614275389542798631169354278378612594
478369152269451873153782964317628495542913687986574321835197246791246538624835719
279158634364792815851436279527843961483961527196527348912375486648219753735684192
126975483539648712487123956845731629371296845692584371753819264918462537264357198
951723648264958173378164259419632587623587491785491326592816734846375912137249865
386214759412975863957368124571623498263489571849157632698531247724896315135742986
324861579768935142915724386491657238657382491283419657576248913139576824842193765
487659321213847695695321478928513746746982513351476289564798132832164957179235864
312756894984132657675984231523691478169478523748325169836547912457219386291863745
491352867673984125285716943739241658528639714164875392947563281812497536356128479
321758964694213857578946213167582439239674581845391726456839172983127645712465398
218743596637295814549816273723458961184629735965137482852961347371584629496372158
756182394328947615194365287537298146269714538481653972975421863642839751813576429
985364127671529348423781965239847516748615293516932874852496731394178652167253489
349678152185432976267591348628749513734156829951823764496315287813267495572984631
895432671672195843341786295534619782916278534287543916763854129129367458458921367
813759462259614873476382159782536941941278635635941728368495217594127386127863594
481573629239614857765928341928345716357162984146789532513297468694851273872436195
827461953164539278395872461749286315213957684586314792931748526478625139652193847
352698471986174253471235986297381645865427139134956728728519364613842597549763812
597623481263184597148597623714835269629741358385962714876359142932416875451278936
487635129592148673136972845675384291843291567921756384264517938759823416318469752
859437261716952384234618579693571842571284693428369715347895126985126437162743958
841263957593478612726915348419582763367194825258637194932846571684751239175329486
297436581145798326836521974319642857624875193758319642583267419962184735471953268
589614327146732895273895416312568749758943261964127538497256183625381974831479652
142375896735698241968124537813549672596732184427861359681957423259413768374286915
694538127385217946217496853143862579862975431759341268531629784478153692926784315
342157869157968342986243157674582931529431786831679524765394218418725693293816475
734658291568219734219473658326891475891745326475326189657182943943567812182934567
963714285241568397785293641594327168327186459816945732138652974479831526652479813
695274381287135946431896725354619872718342659926587134872461593563928417149753268
826379154913546782457281936675823491298415367341967825584792613762138549139654278
395614287614872953278539614187253469523496871946781532769328145832145796451967328
571693428984271356632548917426319875857462139319857264743925681168734592295186743
793845261846192735125736894958271643471369528632458179567984312289613457314527986
749185362682937415531462879968524137173896524425713986317659248256348791894271653
691487235325169784847352169183974526462531897759628341574893612936215478218746953
697158342581432976342796518456923187238617459179845623964281735723564891815379264
638245917254197836791863245816952473542738691379416582985671324123584769467329158
162734985439865127578291643316589274984672531257143896845917362623458719791326458
956721483824936517137854296692348751571692348348175962269417835415283679783569124
574163298298754316361928475735496182416872539982531647853217964127649853649385721
625384971843179526719526384392861745457932168168745293936457812281693457574218639
958742163624381759317965284135298476846173592279456318592637841763814925481529637
781639425936425871542718369175864932864392157293571648357986214618247593429153786
916824375234157689785963124329746851651389742478512963842691537593278416167435298
345786219876129534912354876429578163758613492163942758534861927297435681681297345
195342876687591342423768159539814627276935481814627593948176235351289764762453918
568479132479213856213865974635184297827956413194732568752341689986527341341698725
658374219437291658192658743279165834561843972843729561714582396326917485985436127
831627954794538126625914873479361285258749361316852497187495632543286719962173548
845326791263791458719485263672859134138647925954213876381962547497538612526174389
194625837652387194738419562287531946361894275945762381479158623526973418813246759
687953124291486753534721689718645932329817546465392817146539278872164395953278461
218937654365428971794615238859741362426359187137286549543172896981564723672893415
165879423342615789879243516451362897738491652926587134287136945594728361613954278
271659483569834172843172659432796518185423796796518324954267831627381945318945267
621457893475389126389162457258694731946713285137528964814935672793246518562871349
852463971179258643346971285918746532764325819235189467683597124491832756527614398
476518293329764185851239476192687354564392718783145962615473829248951637937826541
945213678876945321231678495319867542452391786687524139198436257563782914724159863
413756892675982341892431576739618254254379618186245739541823967927564183368197425
358129674961478253472653891594786132123594768687231549719362485845917326236845917
438652971726189453519374862154927386297863514683415729842596137361748295975231648
813256974946871235752349186685197423274563891391428567539684712468712359127935648
317698452846215937529734186683941725254873691971562348195327864468159273732486519
856412739413597628297836451382749516561283974749651283124978365978365142635124897
798356214123498675546217398932541867487962153615873429861735942274189536359624781
834692517629751348751843296468319752193527684275468931582136479947285163316974825
753198624168254793924376518376981245589642137412537986891763452237415869645829371
314672598782519634659483217528146973176938425943257861891325746235764189467891352
485236917236791485917548623648159732591327846372684591729863154154972368863415279
917253486684197352352684971421378569569412738873965124138529647295746813746831295
821374569743659128596821374287193645465287913319546287932418756658732491174965832
351986427426751893978324561597648312684132975132597648743265189269813754815479236
796152438218743956543698127652917843839426571174385269965874312321569784487231695
846971253523486179917235846198643725354127968672598314285314697431769582769852431
918726453456139827327854196279615348631482975584973261162598734895347612743261589
875694132213587946946231758362158479581479623794362815159843267438726591627915384
519837624347625891268491573754218369936754218182963457673549182495182736821376945
173958246492176835865243719617325984589417623324689157948731562731562498256894371
243179865865432179971685243652391784487256931139748526524813697796524318318967452
