612798534879354162345612978584976213231485796967123845756849321498231657123567489
423571689689432157517869324261943875395287461748156932154628793976315248832794516
316278594874159326592463781158792643467381952239645178721534869683927415945816237
947328615325619487186547923514763298673982541298451376762895134431276859859134762
945317268173628594286459137527943681314286975698175342459861723732594816861732459
216873495378594621594126378132459786459687213687312954965741832741238569823965147
627591348198243576534867219856724931419385627273916854985472163341658792762139485
285417396967325814143986527621573948839264751574198263496732185318659472752841639
254678391913425867678913254341789625789256413562134978136897542425361789897542136
823514796415967823769832145246753981537189462981426357378295614154678239692341578
395762418418593762627841953281659374956437821734218695849175236172386549563924187
359168742724395861186274593432689157571432986968517234647951328215843679893726415
412897635365421879798536412629354187543178296187269543951683724274915368836742951
413529678987634152652781394739812465546973281128456739261398547395247816874165923
179463258648925173253187649482351796531679482967248315396514827815732964724896531
249176358675398421138425976917632584854719632362584197521843769796251843483967215
681254397942783615573961284416839752358627941729415863167348529295176438834592176
386457291574192368921386754163875429249613587758924613697541832832769145415238976
256734918487192653193865427372941865914658732865273149629517384748326591531489276
751392846436581729982746513817235694594618372263479185679823451145967238328154967
758429361412836957396715284183542796675198423249673815564987132937261548821354679
694183572813752496257946183176834925485629731329517648532491867961278354748365219
927568134854319267136427985582943671671285349349176852498731526265894713713652498
275984613948136275316257894127563948583492167469871352654329781892715436731648529
814923756796154823235867914459386271172549638683712495328475169547691382961238547
813659274274138596695247813156723489932481657487965132361594728728316945549872361
349827561615439827728516439153678294962154783487293615836741952571982346294365178
439268751862715943715349862381697425524183697976524318653472189197856234248931576
412537869963184527785296431156872394827943156394651782548729613679315248231468975
324867519587192463691543872162359748953478126748216395819725634436981257275634981
978165324526374981134289576843751269715692843692843157457938612361527498289416735
967583241435261987812749635796135824583624719124978356251397468349816572678452193
892571346457263981361948725523614879176892534984735612618457293735129468249386157
947351826286794351351826974895162743734589612612473589179235468468917235523648197
972635481536841927184927365498216573263574198751398246619483752827159634345762819
245967138396184527718352946457629813839741265162835479624578391571493682983216754
368592471475183692129467385742956813596831724813724569937615248651248937284379156
321856947749132685658479213875914362436725891912683574567391428193248756284567139
751264398389517246642983157196425783425738961873196524234679815518342679967851432
293518746476932518851674293512496837964387125387251469745163982628749351139825674
247385961863921547951764382372196854685432179194857623518249736439678215726513498
147829536362514897958367142283956714714238659695471328821643975436795281579182463
932864571158729463647135928273941856586372149491658237865293714329417685714586392
695438712271695438843127659486912375537846291129573864752389146364251987918764523
638925417529147683147863592215479368974386251386512749861234975453791826792658134
617593842942867513358124796429718365536942178871356924293481657765239481184675239
962843715438517926175296348381925467746138259259674183517362894894751632623489571
379468152281795346456132798928647531647351289135829467713984625594216873862573914
938726541672145893154938726387562419419387652265491378526879134841253967793614285
975361248462875319138429657627538491351942876849716523513287964286194735794653182
952731648741682359638945127186324795324579816579168432465893271217456983893217564
126754389398612547754398216679521438543867921281943675862135794415279863937486152
248561739593247861167893254916432578324758196785916423651324987832179645479685312
943857612862941753571236984486725139139684527257319846395162478724598361618473295
781649325235817469946352871193426587628175934574938216359781642467293158812564793
198756234276438951435129786962384517751962348843517629527641893684293175319875462
185439627693257148247816593469385712358721964721694835814563279536972481972148356
568439712917285463423617598134752986896341257275896134752168349649523871381974625
645213798813976452297845613738159264461782539529634871152497386974368125386521947
967415823214389567538267491496153782375928614821746935159872346643591278782634159
267915348195348267834627915572891634918436572643572891426153789789264153351789426
813645279465729183927831456581296347732458961694317528348162795156974832279583614
927643815436518792158927436579164283641382957382759164764831529893275641215496378
594231876321876954687495132478519263915362748263784591736158429152943687849627315
217836495683954217549712386458169732721543968936287154894375621162498573375621849
587246139634891275912735846859673412421958367376124958748362591195487623263519784
763924851185637429942158763237596184418372596596841372354289617821763945679415238
473856192569421783821739456298374615734615928615982347356198274187243569942567831
137526984694387215825149367316492578479815632258763491942671853783954126561238749
652947318497381625831652947289174563174536289365298174928465731713829456546713892
851632947623974185497158623186547239932861574574293816245786391768319452319425768
378251694912674538645983127834197265297568341561432789729345816186729453453816972
178296534962354178543817629429735816681429753735681942297163485854972361316548297
719562843265438179843917652198274536472653918356891724937146285624785391581329467
693274581428165397715938624549623718187549263362781459856497132234816975971352846
673942158912578346485163792298431567764895213351627489526319874139784625847256931
256491738471238569893765421534876192629143875718529643945387216162954387387612954
491736582376582941285491376517269438834157629962348715149875263623914857758623194
562719834897453612341862759259381476674295381183674295718946523936527148425138967
258413967143967852796258134815376429962541378437829516374695281689132745521784693
435179826917286354628354971241937568596418732873625149169743285382561497754892613
385692741947183265162754893279861354518347926436925187891576432623418579754239618
746395821521847936893261457234586179179432685658719342462978513315624798987153264
925741386467938125813625947194356872672894513538172469751463298289517634346289751
458763912627819345913425876842637159391582467765941283289156734574398621136274598
519847623237916485864352719651239847478165392923784156342578961196423578785691234
925614378734298615816735924479582136158963247263147859642359781597821463381476592
894251736251736948736489251419827563368915427572643819923568174685174392147392685
361582479258794613974631582513927846896345721742168935189453267627819354435276198
581643297392785416674219538138927654465831972927456381849372165716594823253168749
267519438915843726384627159152964873736281594498735261571398642823456917649172385
731826495945371826682459173874693251169582734253147968398715642517264389426938517
175489623623157849498362175254713986986245731317698452832976514761534298549821367
638251479147869532952347816215634987789125364463978125576483291394712658821596743
465187293793625148218934756937251684846793521521468937654372819189546372372819465
718243659542967138369815247951638472427159386836724591293471865174586923685392714
358942617729561384641837592865723941934158276172496853287619435593274168416385729
619723458352849167874651329261935784593487216487162935936514872725398641148276593
283617495496582317715934826349258761572146938861379254638795142957421683124863579
127435968354689271698712534912347685586291743743856129875963412239174856461528397
215698734437521896968374512186745329392186457754932681623817945549263178871459263
761984532328715496459263187875492613613578924942631758137849265594326871286157349
594782163827136945631954278352698714418527639976341582263819457745263891189475326
231849675957326148648751239786914523194532786523687914475268391319475862862193457
693458217174923685582167394469271538217835946358649172726394851941582763835716429
928471563147356982635289714791562348483197625256834197879645231514923876362718459
932867145768514239514932876643728951287195364195643728351479682479286513826351497
587319462162458937934672851619825743453796128728143596896531274345287619271964385
576321984413859627289476351394265718827194536165783492632948175948517263751632849
674258931852913746391647285429186357537492168168375429983521674215764893746839512
246785913319264587587391246493812765765943821821576394172439658658127439934658172
435921687978653124612748539249386715157294368863175492591867243786432951324519876
832615974947283651561794283418937562753826149629451837275369418396148725184572396
982136754364597182571842396856724913193658247427319568749285631235461879618973425
431269578925781643867453129248536791653197284719842365186925437374618952592374816
254176983197283654683594712712639845546812397839457261925361478361748529478925136
436781592278539164915246387561374928892165743743892651354918276627453819189627435
913472568658931742472586139295163874361748295847295316784329651536814927129657483
687195234143682579952734816798356142435271698216948357364529781529817463871463925
213498657874561329596237148462185793759643812138972465627819534981354276345726981
453291768962387145187654239379512486546978312821436597615749823794823651238165974
862359714593174826471862359327685491914237568658491237286713945745926183139548672
427651983358947621961382574746135298289764135135298746593426817674819352812573469
763249185425138769891657342149823657576914238382576914218395476957461823634782591
813269574495378612672451938586124793937685241241793865129836457754912386368547129
948173526612845973735269481561497832824631759397528614456712398189354267273986145
746953812539812647821467935154738269268591374397624158482376591973185426615249783
691283745547169832283547961814735296375926184962418573728354619139672458456891327
751649238283175964649823571428396715396517482517482693162934857875261349934758126
635429781489317256712586943897241365326875419154963872948652137573198624261734598
734128695596347128821659374165293847983714562472865913259436781318972456647581239
186794532352681974974235618423519786519876243768423159895142367241367895637958421
357248619619537824284619375491862753862753941573194286138925467925476138746381592
597268413682314957413579862835196274961742538724853691349627185258931746176485329
694378125372519846581624937138795462927146358465283719259437681713862594846951273
958643172723185964416972583549831627831726459267594318375418296692357841184269735
354172869129468753768935421297543186685217394413689572842356917971824635536791248
148697523372548961956321478567983214419276385823154796691432857735819642284765139
512486379684793521973125486451938267267514893839672154145269738326847915798351642
623718459147956238958423761586172394439865172271349586864531927795284613312697845
451879623289536741637412895928357164143698572765241938894163257316725489572984316
295864731174923856863175942941256387386749215527381694712438569639517428458692173
589274361361958724742631598973126485154897632826543179635489217218765943497312856
675142983183697245249358671734569812812734596596821734327486159951273468468915327
831476592675219384942538167193782645456391278287645913328164759519827436764953821
759432618431896257682157943397615824165248739824379561273961485548723196916584372
736129458485736912192548637263875194941263785857914263678392541514687329329451876
234865197618729543795314826982153764376248951541976238859631472123497685467582319
945178326238469715617352984472916853591783462386524197769835241124697538853241679
689452713245713689713698542891275364537864291462139875158926437926347158374581926
581926347924537861376814592452678139867391425139245786798163254245789613613452978
431759862628134957957268431792843615864521793315976284146387529589412376273695148
572918436364752891981634527193586742247391685856427913425179368638245179719863254
814759263362418795579236481436125879125897634987643152743961528258374916691582347
493521786176348592582769314327854169961273845854196237748635921635912478219487653
317569428248713569956428731873152694125946873469387152794835216631274985582691347
321786459945213768678495321192647835764538912583129647459372186237861594816954273
853694217724185639961723485238976541697451823415832976372568194549217368186349752
894765132127493856356812947518379624642158793739624518963547281475281369281936475
673452981219837654485691273951274368368915742742386195827149536194563827536728419
248957316795613824361284795127345968453869271986721453674198532532476189819532647
217534896986712534345869217173948625498625173562371489834157962751296348629483751
189243657326715984547896231213479865978652413465138729634527198752981346891364572
648375912735912648291468375914856723876123459523749861169284537357691284482537196
128457963639128475475963821862719354397245186541386792754691238283574619916832547
269875431548193672371642859415728963693451728782369145937516284156284397824937516
624758391913426578758913462846235917231679845579841623392567184167384259485192736
571286349923174865486593172817942653392658714654731928749365281165829437238417596
975438216261975483483216957147562839632897541859143672724681395518329764396754128
462573891938412576751869423347621985126985347895347612284756139513294768679138254
937152846152648973864379152349821765281765439576934281628597314413286597795413628
653421879948357612217689345379862451126745983485193726831276594792534168564918237
254893167698715324713642589547381692926457831381926745169278453872534916435169278
483671592259348617176952438865419723941237856327586149638125974594763281712894365
725683941683491275149572683961825437374169528258734196592318764437956812816247359
762814935389725641451693728528367194946158372173249586297581463814936257635472819
341768259952143876678952431735296148486317592129485763264879315897531624513624987
345876129687192534921543768198765243564239871732481956813627495476958312259314687
754132896896745312231986745618397524425861973973524168182673459367459281549218637
628794153473158692915632748859346217362571489147829536231487965784965321596213874
971258634568437219342916875219873546783564192654192783126389457435721968897645321
438961257259748631617532498596473182382196574174285369961327845723854916845619723
847596231253741689169238457982164573416375928735982164671423895598617342324859716
931652784485917362726834159894761523167523498253498617642179835579386241318245976
782135496365942871941867325578613249294758163136294587859471632623589714417326958
685917324791243568234568791359724816816395472427186953178452639963871245542639187
674928513153467829298351746531792468826514937947836251765283194382149675419675382
458237169273916845691854723849521637527683491136479582365142978714398256982765314
327196845156483729849725163532819476684357291791264538263578914478931652915642387
582176394136495827974823516651789243423561978798234165317948652849652731265317489
957316428618724593243985671425198367879563142361472985184259736592637814736841259
561324789247918563839756214184579632672143958395862471723691845458237196916485327
796145328814237596253986147378654912165392784942871653527469831439718265681523479
153498267684257193279163458962781534817534926345926781796315842531842679428679315
983174562514623789267859134426987315798315426135246897859732641372461958641598273
618924357372651498549837216263548179854179623197263584985316742726485931431792865
497218635368594721521736849719465283234189567685372194146927358853641972972853416
831492567924756183675831492516379248783214956492685371147528639258963714369147825
167394852395728461284561973419672385856143729732985146628439517573816294941257638
695482713143679285827315946276538194381794562954126837412853679769241358538967421
281679435679435182345821679197542368853716924426983517934267851562198743718354296
529418637768923451314756892876542319293871546145639728631285974957164283482397165
978653241356241798421978536564782319139465827287139654793824165842516973615397482
458163297739842516126975438387694125241537689965281743613459872594728361872316954
768132495235947816914568273583476921192853647476219358341625789827391564659784132
962357814148269573735184926357926148281473659694815732529631487413798265876542391
643982175192756384785134629934218567826597431571463298219675843367841952458329716
981724365365981274472563189217895643536247918849316527724159836698432751153678492
195847362842536179376219485689451237431728956257963841964372518723185694518694723
529178463346952871718346592964523187153789624287461935835294716671835249492617358
871235496932468175564971382216597834458312769397684521689143257745826913123759648
561837492298654173374921685613742958985316724427598361732489516849165237156273849
937682415826541937514793682362417598189265743475938261243856179791324856658179324
583291674647853921912467853861529437395746182274138569438612795759384216126975348
854732691327961548169485273732198456415673829986254137643519782278346915591827364
458923617732641958916587432891456273273819546564372891647235189325198764189764325
254619873691738425387425169513246987428957316976381254842563791169874532735192648
683249175729516348514378962278461539146935287935782614457193826891624753362857491
593248176284671953176539824417382569629457381835196247741925638362814795958763412
321597684597846321846213975219378546654129837738654192485962713173485269962731458
481739526379265814652841973564328791793156482218497635145983267936572148827614359
123867594867594231945123786431659872659782143782431965276945318594318627318276459
138794652742865319965123748359246871681357294274918536817639425593482167426571983
174825639963174852582396174851943726627581493349267581218459367496738215735612948
163428579729356148548791362237914685915867234486235791671549823892173456354682917
481572963297631854635489721854196237172853496963724185726945318318267549549318672
123768954785492613469135728257346189396581247841279365638924571914657832572813496
586734129219658734437291658674389512398512467152476893945127386863945271721863945
654827931913654287872139654746283195231965748598741326469512873125378469387496512
513896274976234185428751963781349652265178349394625817837512496659483721142967538
267458913458139762931672584143296857692785341875341296524917638719863425386524179
462913758391875246758642193925184367814736529637259481579461832146328975283597614
816945372432761598579382146258619437197423685643578219924836751381257964765194823
468195327532476891179283456956814273347962518821537964685321749213749685794658132
824937561739651842516824973148563297273149685695278314467382159982715436351496728
291875634857436219436912857672358491514297386389164572723681945168549723945723168
681392574745168392293547861352984716968713425174256938429871653536429187817635249
215739864973468125684215739458697213796321548132854697549182376327546981861973452
283169754475832916961754238528397641614285379739641582156423897342978165897516423
348719652719265483562348197497683521683152974251497836926874315135926748874531269
845762193291534876673918524916275438384196257527843961769421385452387619138659742
593142768427968135618537249235671984176489352984253671752394816349816527861725493
458976123971243856362815974723168549594732618186459237235687491817594362649321785
927186543546932178381574962269458317713629854458317629834761295192845736675293481
864375192357129648291486573129638457483517269576294831638751924715942386942863715
127683459638594217549172863263417985481359672795268341916835724354726198872941536
973524816258619347614873925431296758829457631765381492597148263382965174146732589
169582374287349561435671892392165487518734629746928153821457936654293718973816245
275438196436195728198762453319247685567981234824356971981623547743519862652874319
532167894918245637764983152421358976853796241679421583145872369396514728287639415
368124759975386214214759836536497128149238675827561493753842961492615387681973542
291685347685473921437219865128734659543926178769158234314592786952867413876341592
795831246624957138183462579317285694542796381968143752851324967476519823239678415
234986517715234689698157432586342971341798256972615348163579824827463195459821763
786249351135687249924135786359861427261574938847392615678453192492718563513926874
368524791927613548415798236839147652652839417174265983791486325583972164246351879
865913427319472586274586913458267139193854762726139845642798351537641298981325674
516829734289374615374165892637498251152736948498251376865917423921643587743582169
967483125583127649421659738138296574745318962692745381354972816279861453816534297
159246387264837951783951264376584129428169735915723846841375692537692418692418573
635487921291563784847219365764128593182395647953674812318952476476831259529746138
793546128182379456465128973621485739879213645354967281517632894236894517948751362
349286157712954368856173924287349615493561872561728493174892536928635741635417289
597213846284596317316847529923651784748932165651784293465178932172369458839425671
482695317317842596956713284134986752879254163265137948728569431541378629693421875
351278649964531728287496513842769351796153482513842976179384265625917834438625197
657928431892134756431675298275346189918257364364819527583761942149582673726493815
741362958589741632362958741936827514154639287827514369273486195495173826618295473
358471629427963158691285347569738214142596783873124596915647832734852961286319475
941526378375841926268793451432965817689217534517438692726389145194652783853174269
714256983839714265625398471381425796257169348946837152462981537198573624573642819
615372849734891526982465731468237195159684273273159468897526314346718952521943687
389745162745612893261839754517428639493567218826391547654283971138976425972154386
918245367523876491674193852136582974789614523245739618351928746892467135467351289
752364819894715623136289475921643587643857192587921364368592741479138256215476938
658413297914762853372985614187234569569871432423596178746358921831629745295147386
418596732569237184732481659627349518145728396893615247284173965376954821951862473
573841962814269573926357814459726138367185429182934756231478695698512347745693281
251867943674932851839415726568724139913658472742391568325179684497286315186543297
428376519196452378537918624342769851851234796769185432973641285615827943284593167
851239746293647518764815293918753624426198357375462189187324965649571832532986471
514879632263451897789362514976528341431697258852134769145786923628943175397215486
879613425524798163163425798791536842458172639236849571682357914915264387347981256
184967523769523418352184697876459231493218765521736984935671842248395176617842359
465879231327154698189362547543618972672495183891723456916537824758241369234986715
416897523729351684385264917942683751571942368638715249163578492857429136294136875
415273698879641253236859174627538941384916725591427386762184539158392467943765812
581642739674931825932758416849215673215367984367489251196823547723594168458176392
689175432523469871147238965458917326791623584236854719865341297972586143314792658
156798324438625917279314685392456871541987263867132549723561498984273156615849732
319872564287564193645193278598721346462385719173946852856219437921437685734658921
918673542257894163436152789794385216583261497621947358365719824179428635842536971
286513479514697238397248165825769341479321856631485927963152784748936512152874693
854126937732495186916783452148357629295861743673249518329614875581972364467538291
138462597527983641946751832874319265692845173315627489269574318781236954453198726
319562784652478319487931526823745691961283457745196832178659243234817965596324178
659843271483127596127569834748391652316254987295678143571932468864715329932486715
519683274734129865682457319928514637157236948463798152275961483341872596896345721
489263715715489326362571489596712843273894561841356297154627938627938154938145672
716248935248359617953671824392584761571936248864712359139427586427865193685193472
781293456932654718465817392326978541548136927179425863814769235657342189293581674
381694752257831964649572813724916538835427196196385247963258471512743689478169325
783549126126738954594621378618972543245386719379154682952867431431295867867413295
514287693693154872728396514156739248247618359839425761362541987485972136971863425
657483291283159746194672385729514863465328917831796452518937624976245138342861579
132874695965132487784956132613289754249517863857643921576428319328791546491365278
492875316875163924136294758984527631527316489613948275268431597341759862759682143
546297318183456729972318645394761582617825934825934167438179256761582493259643871
436972581815364279729815346942756138381249765657138924164523897593487612278691453
713928654564371829289465173675142398938657241421893765197586432856234917342719586
763924851925187634148563279284316597316759482579248163457632918831495726692871345
297341658684275139531689724319468572725913846468752391956827413143596287872134965
129478356654392718387156492872615934913847625465239187236984571741523869598761243
249683175368571249157942863892417356635829417714365982971254638483796521526138794
179258436852634971364179852296817543548963217731425689427386195915742368683591724
746892315852314697139675428583961742274583961961427583328746159497158236615239874
731489562852167943946253187193825674674391258528674319287916435315742896469538721
164278953972534861358196472427961538836752194591483726289615347615347289743829615
627584391854391267391726548419673825736258914582419736165937482243865179978142653
673192485251483976894576213945327861782651394316948752429865137168734529537219648
158967423342815769679432581963741852815326947724598136286174395431659278597283614
354216897987534612621978345718345926263891754549627138832759461196482573475163289
791364825436825917582917364367248591259671438814539672943152786625783149178496253
913246785248537196567198342795324618186975423324681579831452967452769831679813254
456973821218456973379218465587692134692341587134785692765834219921567348843129756
724639185963851427158472936386145792219763548475298613897316254631524879542987361
589164372362597184174283596897431265643852917251976438725318649938645721416729853
138762594524391867697854213812637459946518732753249186361425978275983641489176325
841769325763245891925138746214873659586491273379652184438517962692384517157926438
425618937673249815891537642184376529236495781759182364947823156362751498518964273
347685192265791834198324576816253749953467218724819365672148953581936427439572681
329745618857162439416938275742619853538274961691853742273596184965481327184327596
318427569467591238952836714876354192241968357593712486184675923735289641629143875
163487592547692183982315764871243659634958271295176438359724816418569327726831945
831549762276318495459267318918753624764182539325496187593871246187624953642935871
527913684341685279698724531853279146164538792972146358786451923415392867239867415
258367941367914852914825367432679185796581234185243796623158479579432618841796523
