318594627659372418742186359964827135875431962231965874187243596423659781596718243
624718359871953642953426718239874561516392874748165293492587136167239485385641927
513648927279351846846972531435769218168235794927184653652417389781593462394826175
839271465417658392562943187194782653653419278728365941246837519371596824985124736
318769254524183769976524813492617538687345921135298476851976342769432185243851697
315827469964531827782694513857463192493182675621975384146259738579318246238746951
472819635563742198819536724631954287728361549954287316195473862347628951286195473
146253789235879416897164352478326591963581247512497863624718935359642178781935624
612754893398261475457893621926148537735629184841375962563917248179482356284536719
467395812581247369239816475614729583853164297792538146948652731375981624126473958
294518367876243519153967824389621475615784932427395681938472156741856293562139748
892463157346175829571928364269814735753296481418537296685742913127359648934681572
498317526157962483236845197962158374815734269374296815741683952529471638683529741
178269345629453718435871962347125896896347251512698437983512674761984523254736189
478139652526748931913562784782395416395416278641287593239671845167854329854923167
493512867127368594685947231569281743374659128812734956241896375756123489938475612
815764392932851674746293158683149527194572863527386941451628739379415286268937415
258736149736914582941528763594263817613897425827451396362145978185679234479382651
391762458672854913458193276563279184729481635184635792237948561945316827816527349
645389712897124653213576984576931428128745396934268175382617549451893267769452831
713956842256487931849231576172345689538769214694128753427893165961574328385612497
195847263724653891863192574986571342351429687247368915632784159579216438418935726
834197652719256843256384971528943167973561428641872395197428536365719284482635719
853942167761358942249761385375216894126489573498537621687123459532894716914675238
783619254245873619169542873872954136951367482436128795528796341314285967697431528
276584319854193726319762458985327164641958237723416895538249671492671583167835942
296718453178453692453269718829641537347582961561397284712936845934875126685124379
672493581439185267815726943751934826394268175268517439146879352523641798987352614
935126847261487953874953126689742315153869472427315689598671234342598761716234598
954367821816429537372581694541293768283674159697158243428735916735916482169842375
431769582285431976679285341396148725152673894847592163713826459924357618568914237
746912358921358746538467219689745123317286594452139687873591462265874931194623875
675913482482657931391248675817362549263594718954781326749125863528436197136879254
549283671678941352321567948185492736937816524264375189413729865856134297792658413
539472816276183954148569723492736581851924637367815249615398472724651398983247165
286145793579632184134789256425896371618327945793514628862951437347268519951473862
567128349934657182281493576346875291752916438819342765195764823423589617678231954
382746519467519832915283647254897361731625984896431725543962178629178453178354296
641352897325987641978461352259836714783149265164275983836714529497528136512693478
294185736875936124136742598581394267927651843463278915312567489658419372749823651
953724168471896352286531749539162487748359216612487935894215673367948521125673894
894637521763215489215849376386524197542791638971386254639458712127963845458172963
879645231465213897213798546392486175157329684684157923738562419521934768946871352
134872569256193874978645231681537942729481653345926718817264395593718426462359187
813594276459276183627381594371649825582713469946852731295168347134927658768435912
543269817296817354781534629675341298829675143314982765432796581967158432158423976
516243879798516324342897561935761248824935617167428935251384796483679152679152483
823495176549671382167382549354729861791856234286134795472913658935268417618547923
518932476927486351643715892754861923186293547392574618269347185871659234435128769
761294835294853176358671249617425983425938617983167452546782391139546728872319564
187253496253694718649178253415936872728415369396782541972341685564829137831567924
168374925279568431453192678791685243386247159542931786614823597937456812825719364
364815972971246385852379461138792654546138297297564138483651729615927843729483516
132579486946283715875641392693824571751396824284157963327418659418965237569732148
431625897987314562625798413753942681246871935819563724598137246162459378374286159
489672351532148769716539842341726598958413627267985413125867934893254176674391285
497361285631825749258794316142657893765938421389142567976483152514276938823519674
294531786617824953385697421876349215123765894549182367458913672762458139931276548
874165923532479816619823475721698534958734261463251798387946152195382647246517389
674213598213598647859467231962735814735841962148926753397684125521379486486152379
148769253652843179973251684735692418481375962296418735869134527527986341314527896
758643192192875463463921857379518246681432975245769381524387619837196524916254738
682379514397541268415826973274693185136285749958417326829154637561738492743962851
748932615561784329932516478195467283687293154423851796256379841379148562814625937
895123764746589231132467859481796523253814976679235148924371685317658492568942317
957183264168425379342769518613274985289516743475398126831942657526837491794651832
832465917461987325597123864725639481183274659649518273318746592256391748974852136
581379246379264851246815973627581394815943762934726518192458637763192485458637129
875349261632175948914286357356894712127653894498721536243518679581967423769432185
593741682217698435648325179465917823971832564382564917759183246834256791126479358
235687914786149235149532876893254761471968352652371489314825697967413528528796143
732165984651489237489732651847253196325916748196847523578391462264578319913624875
186425739937816524524397681859174263742963815361582497695738142418259376273641958
241793856568241937793568214872415369419836572356927148184652793937184625625379481
689521473715934286423786951178369524254817639936452718591248367367195842842673195
439621758175983642826745391351872469297364815648159237962538174583417926714296583
874569123965321748312847965549718236623954817781632459496273581237185694158496372
375681924619524783248379156527438691963157842184962375731845269492716538856293417
621738549597614328483592761162479835359186472874325196946853217218947653735261984
894762531761539284532841697189456372327198456456273918275314869643987125918625743
987152364251463978364798512572819436198346257436527189849635721715284693623971845
941328576736519824852746931195832467283674159467951382374165298518297643629483715
861543297927861345453729861275416938198372456346985172689237514514698723732154689
436189275817325694259647183591268347374951862682473519725896431148732956963514728
942168375761395248358427916895674132674213589213589764436951827189742653527836491
125437896468921573739658214351264789297385641684179352516842937973516428842793165
198426753462537981357981426584219367673845219921673845219754638745368192836192574
341872596569314287278965143982456731157293864634781952723549618496128375815637429
389714256764528913521369784648152397295837641173946528916475832832691475457283169
387219645614573928925486731746198352152347869893652174439721586271865493568934217
127684953953217468846935721764852319319476285582193647638549172271368594495721836
298516437416378952753492186925681743381724569647953218139265874874139625562847391
694583217385217964172694853958172436736458192241369785529731648413826579867945321
649182537753694128128537469832945716597316284416728395981453672265871943374269851
927364158635918724184257936568492371713586492249731865871623549456879213392145687
865419723273568194194237586951342867326871945748956312489725631637194258512683479
372485196148692357659317428927546813465831972831729645216978534593264781784153269
275814396418936572693527814382179645156482937947653128761345289534298761829761453
593426871462781359187539426341695287856372194729814563274953618618247935935168742
718546923469723815532981674324697158976158432851234796693872541287415369145369287
467983512285167439193254876351872694846319725729546381578491263612735948934628157
731895426684123597925746318849631752162457983357289641478562139596318274213974865
254397618719468352368512497476981523892735146135246789921674835547823961683159274
726539418985147263143862975618973524259418736437625189561784392892351647374296851
325867941861492375974351628293618457517249836486735219148526793652973184739184562
598726134726143589431958762813692475945837216672514893289461357357289641164375928
165372498984615237327849615279451386658723941431986752593268174842197563716534829
728459361631287954954613287389146572145972638276835419497561823863724195512398746
781342569659187432243965871416238795832579614597416283365821947974653128128794356
451936728369872145728415936813697452596324817274158369945763281637281594182549673
243517689918246753756839241197653824824791536635482197569378412382164975471925368
917253648352648971468971235839567124174382569526194387245816793793425816681739452
765938241132547968849126735628351479457269813391874652216793584584612397973485126
413578926726194358895623417254961873387452169961387542638215794149736285572849631
924367185375189246186254739897541623632978451541623897259416378763892514418735962
968137452253948176471625398385496721694271583712583649846359217539712864127864935
264789351879315426135264978491823567657941832328576194912638745546197283783452619
879623541236451897514978623148569372692837154357214968921785436463192785785346219
762481395953267841481593627837614259294358176516729483375142968649835712128976534
241758369597263184836914572125379648684521793379846251462195837758432916913687425
943156728651728943827934615382675194765419832419382567598241376276593481134867259
735198624462753819981624753614985237327416598598237146276341985153879462849562371
617439528895216374243857916438791652721568439569342781154623897382974165976185243
398417265625938471714256389169574832572183946483692157931865724257349618846721593
263157498498623517175489236317264859984315762652978143826591374539742681741836925
326487159951326847784159632873912465465873291192645378239568714547231986618794523
276394518398165274541728639157286493689437152432519867713852946924671385865943721
492158637615732984873964152721685349569341278384279561956817423147523896238496715
129854736854736291736921854648379125972518463315642987483195672591267348267483519
872613549951472386436589721143268975628795134795134268589326417267941853314857692
936215487748963521152478369813542976679381245425796813364857192587129634291634758
572981643634257198918463725291876354465139287783542961359614872827395416146728539
624317895158629347937584612519436278872951463463872951786143529295768134341295786
713985624246173598958462713364259871597841362821637459472518936639724185185396247
926357184357418692184629573569783421738142965241965837412876359895231746673594218
985473126637128594241569873352917648179846352864352917593284761728691435416735289
351697842249851763687342519124576938738914625596238471472185396915463287863729154
195872634384169572726534981613457298978326145452981763239618457547293816861745329
396482175482715369157639482541826793628973514973154826835291647214367958769548231
725934816981756342346182975817463259259871634634529781172648593468395127593217468
729453618618729543435861792297534186543618279861972435382146957954287361176395824
462397815185624397937815624593278461614539278278461539341982756756143982829756143
253987164741653289698241357374516892982374516516892473827139645169425738435768921
169384275425971386783256941897132564614895732532647198956413827278569413341728659
648291735317645298952738164476312589895467321123589476539874612784126953261953847
397251648521846793846379251782493516439165827615782934964518372153627489278934165
641758329785923461293614875518362947327149658469587213174896532932475186856231794
573162498894537216162498753721983645648275931935614827489356172256741389317829564
413259768925786134768143925641392587392578416857461293276814359539627841184935672
437891652562743891198256734921584367854637129376912548283475916619328475745169283
147269853853174692269385471675812934482793516391456728538627149726941385914538267
752634819819275463463189725387946251526718934941352687198423576675891342234567198
962845317185732964347196582579263148814957623623481759296578431431629875758314296
852397461913264578467815932684132759231759846579648213325486197148973625796521384
491328657765941328283657149346592871158473962927186435632815794519734286874269513
698427135315698247724531968537142689269385714481769352142876593953214876876953421
158947326632518497947236851286753914491862573573491682724689135815374269369125748
587429316926731854341685729214978563798563241653142987172354698869217435435896172
863254719195873642724916835618795423579432168432168597941527386256381974387649251
857139462931462785462875391514628973789543216326791548248317659173956824695284137
387629154612547398459813267176985423243176985598432716924758631735261849861394572
532416879614897523987532416875621934126943758493758261761289345259364187348175692
978534621614279538352186497265317984139842756847695213591763842723458169486921375
215764398476398152893521467754132986321689574689457213162973845937845621548216739
947638152521749683836152974792864531468513297153927846389276415675481329214395768
185629437437518926629347581271983654546271893893465172754836219912754368368192745
437962815962851473158734926279548361845613297316279584621495738784326159593187642
126349587857216943394758621582961374743582169619437852275693418961874235438125796
273516948615894723894273165527681394481329657369457281142938576756142839938765412
812736954634195728759284361943578216261943875578621493187469532396852147425317689
276854931458913276193276584314562897629738415587149623835691742742385169961427358
691735842745928316823416579254681937167593284938274651489367125512849763376152498
647592183819364257325187469971643825258971634436825791763219548584736912192458376
157964823823157946694238175271349658586721394439685217718596432345812769962473581
829154763763928541145376298691285437437619825258743619312567984586491372974832156
685491372239675481741328659967153824153842967428967513376284195812539746594716238
934617528716825394582349671125986743473152986869734152641598237398271465257463819
285136479493872615716495382958241736367589124142367958574923861831654297629718543
159478623287635491364291578931742865542863719876519234795186342618324957423957186
764815923815239647293467185456172839389654271127983456541326798978541362632798514
346592187529817364718634529684951732951273846237486915165349278493728651872165493
457382169832619475169457238283976514541823796796541823624135987315798642978264351
634582179179643582582917346325496718491875623768321495813759264957264831246138957
618735249547296813392184675721568934456913728983472156164857392239641587875329461
372514689451896237698372541785461923239785164146923758564139872813257496927648315
892536147347891562561274938276943815134785296958162374725419683689357421413628759
692345187534718962187926534326451879851297643749683251213564798975832416468179325
513729864846513729927864135174938652368245971295176483482651397651397248739482516
785163942934728651162945837593471268821596374647832195416387529259614783378259416
489356172536721849712984536197435628348162795625879314273548961954613287861297453
167523849984176523325489671798315264642798135531642798476831952213957486859264317
895716234613248759274953861986324175432175986157869342761582493348691527529437618
237486195648195732519327684781263549926548371354719826465832917872951463193674258
635174892214986357879235614581762439367549281492813765948657123123498576756321948
928754163475361928361982475196847532284635791753219846512493687647528319839176254
325147869674839125189526437592483671863971254741265983217654398456398712938712546
916853247427169835358274169731486952295731684684592713849317526173625498562948371
796352418253418796148967523917586342635249871824173965482731659569824137371695284
563214789742839615918765243156973428379482561824156397697321854231548976485697132
239874615784561932615392847578913264192456783346728591967145328453289176821637459
142693758865714293973258614256381479318479526794526381687142935421935867539867142
596428173147639825238175469712386594385947216964251738451793682629814357873562941
327491856149856237568732149693518472781624593452379681915243768834167925276985314
861345279432879516975621438728934651516782943349156827184563792297418365653297184
432678591695321748781459236543217869817936425269845317954182673128763954376594182
293518746851476293476923518512384967687159432349762185164235879728691354935847621
617329584398457621425618739286174953953286147174593862762831495549762318831945276
859632147236174859741895632125948376974326581368517924493781265687259413512463798
496175382785342196312986457547891623823654719961237548178423965659718234234569871
318624579624759183759183264286947351475231896931865742867412935592376418143598627
915823746728465319634719582159347268286591473347682195593178624472936851861254937
581497632796235148432168957875914326624783519319526874943852761167349285258671493
513628794682497351794531628836159247457362189129874536975286413348715962261943875
637518294518492736429367518954783162783621459162945873876134925295876341341259687
354218697218976354769453812496321578527869143831745926945632781173584269682197435
369415782175892364428367195234179856791586243586234917847621539953748621612953478
927145683146837952358962174581694327694723815273581469769358241812479536435216798
392815476165437892487269153214378569873956214956142738538794621749621385621583947
198576432756423981423891657671935248842617593935284716287359164514768329369142875
485126937162397845937584126216973458793845612548612379351768294674239581829451763
425681937793542186168973425972315648531864279846729351289137564317456892654298713
187624593652389174439157682814795326526831947793462851975216438268943715341578269
869172354721453689435896127172685493596347812348921576283714965617539248954268731
952346178463781952178529364846197235521463897739258641297615483615834729384972516
487536192612894357593172468348259671761348925925761843839427516256913784174685239
291643758643875291857291436536127849179458623428936517714569382382714965965382174
539481276148276359267593814623714985895632147471958632914325768352867491786149523
279156834148739526536284917685913742394872651721465398917328465853641279462597183
715496823483217956962835147634159278891372465527648391379584612146723589258961734
947635218683241597125897634712459386594386721836172945278964153351728469469513872
359872146278641539614359872732164985146985327985237614867493251423516798591728463
397815642562497183184623975249358761835176429716942538453269817921784356678531294
917283645354671829862495371429816537586734912173952468231549786745168293698327154
691538472835247619427196583589614237273859164146372895758921346912463758364785921
831265974476819532259374816384192657567438129192756348615927483928543761743681295
875963241961482357243571698426798513197635482538124976319257864752846139684319725
365729481241856379798143526579681234123475698486932157812594763954367812637218945
597312864418567392326498175973251648684973521152684937239145786761829453845736219
752836941683491527941752638829145376514673892376289154437968215298517463165324789
687253194421978653593164782816549327235781946749326815168435279374892561952617438
813952647647381529925764831279615384584239176136478295391846752752193468468527913
352918674489736125617425938824371596573869241961254783745682319138597462296143857
216738954974215638358964172821453769439176285567829341793542816685391427142687593
641587329389214567527963841856791234192345678734826915915672483273458196468139752
284735196379162458516489327158397642962854713437216985645978231793521864821643579
278435691519682347463971528347269815851347962692518734726153489984726153135894276
149627853365189247728543196481372569596418732237956418974261385853794621612835974
168279453259143876473685219946851732817432695325796148632917584794528361581364927
216849735753621894489753216832596471947138562561274983174965328695382147328417659
142896537378215649659374182826941375917583426534627891293158764461732958785469213
574962318962318457183754269896147523235896741741235896317429685628571934459683172
473261895298345617561987342952418736184673529736529184845196273619732458327854961
873215649249678531651394287514923876386547912927186453432861795168759324795432168
513429678678531924492678153859362417721954386364817592147296835936785241285143769
741835269269174358835629741574912683398467125126583497483756912912348576657291834
269854371518732496374196852921685734843279615756413289132568947685947123497321568
876345219925187634341926578453618927682739145197452863239871456718564392564293781
863917425129845367754632819487329651392561784615784932931276548276458193548193276
326978541145263879978415236783594612462381957519627483894132765251746398637859124
394675812275841936861239547137492658542768391689513274756984123423156789918327465
925783614784961253136245789893657142562194378417328596359876421678412935241539867
429871536361245879587369142973186425245793618618452397732518964156924783894637251
821975436597346218634128795452839167983761524716254983269487351375612849148593672
165842973284397651739561482673984125842175369591623847357416298428739516916258734
418963527362758491579412836783124659295637184641895273954386712127549368836271945
152789436976534812834216759589461327723958641461327985298645173317892564645173298
971364285528179346463285917349721658217658439856493172185942763694837521732516894
594712638673498521281653479417825963825936147936174852349261785162587394758349216
651834927479512368328769415135928674746153289892476531967385142214697853583241796
963714852247859631851326749526493187739185426184672593375968214698241375412537968
512347968743698521689251437137564289456982713298713645871425396364879152925136874
986325714714986253325471698632149587849752136157863942573298461298614375461537829
682371945497265183351984627516492378749538216823716594238157469964823751175649832
365712489412859637789643152691574823574238916823196745247361598936485271158927364
618435792932718654574962381467293815293581467851647239789126543345879126126354978
286753149735194682941628375198475263623981754574236891857319426419862537362547918
276814395189536274453729681562183947794652138318497562631278459845961723927345816
815649723469372158732851694693785412248196375157423986521964837974538261386217549
359647812768219543214853679873921465921564738645378921582736194496182357137495286
796528314842137695135694287954783162261459873387261549673842951428915736519376428
569287134371495628248631597826549371415763289793812456954128763637954812182376945
943827165561394872827615394286531947739482516154769238418956723695273481372148659
874932516639154278215768943943271685586493127721586439392647851158329764467815392
518972643364851972927643581789526134156437829243189765632715498495268317871394256
395827164681534792274916853427358916853169427916742538162485379549273681738691245
871594362493672815562183497384917526156248739729356184615439278247861953938725641
851437692734629581629851473468572139215983746973164825346795218597218364182346957
469753218735218694812694573591326487374589126628147935247861359186935742953472861
156932874948571362372846591721394658695218743834657219413725986569183427287469135
592476138813925674674831925761382459459617382328549761135264897246798513987153246
423758916179623458658491237541879362392516784867342195235167849984235671716984523
185923647739416528642578319916852734473691285528347196397185462264739851851264973
278653419153948672469721583395472168814369725726815934631584297587296341942137856
874631592631592847592874613253149786467283159189756324928365471345917268716428935
542938617176254839389761425261479358753816942498523176624387591915642783837195264
981725634327496581564381279436579812872614953159238467215963748693847125748152396
371695248659284317248137659983512476524876193167943582715328964492761835836459721
147598362295163478386427519569381247423679851871245693618952734734816925952734186
241935678786142539593678142935781264817426395462593781629817453154369827378254916
296341758143785692875692341462517839938264517517839264329476185781953426654128973
748315269965872134231946578523789416197564382684123957812457693459638721376291845
978362541145789632263415798514927863796834215832651479481296357357148926629573184
145239768896475132732618945328164579957823614461597283573981426219346857684752391
652431897973258416148697532539762148214983765786145923861379254425816379397524681
327658194568149327941273586692517843715834962483962715876495231159326478234781659
243715986851964732796238514912853467365497821478621359627389145189546273534172698
368915724519724368724836591872569143653148972941273685196452837485397216237681459
256984731987631245341257869523178496469523187178496352794815623815362974632749518
126954378458673921739218456672395814915487632843162795384721569561839247297546183
597823641286514739314697528172946853648352197953781264465138972731269485829475316
468215397321879654795643821954321768682457913137968542513794286279186435846532179
713946285954218637628753419365487192847129356291365874176894523489532761532671948
825619743916743852473528916759132468642875391138964527591287634367451289284396175
659318247872456931143279586798562314524831679316947852965184723437625198281793465
198325674623794158754681239319847526265139487847256913972413865431568792586972341
716439285394285176825167934269374851473851629158926743542698317687513492931742568
841953627359762841762814935634581792985427163127396584493675218278139456516248379
291745386386291475547386912473518269815962734962473158154827693728639541639154827
742539816519862473638417952475283691196754238823691547251346789987125364364978125
396425178247819356185673429634587291758192634912346587479231865521968743863754912
951267438374518629862349157598421376617935842243786915126854793785193264439672581
167293845893514762425687193736142958518369427249758631971425386354876219682931574
921356478385174926476982531214567893863419257597238614658793142132645789749821365
821369547547218639936475281762531894153894762498627315374156928619782453285943176
756843192943521768128679354875936421631284975294715683362157849517498236489362517
781493562954612783263758194438167925125389476697524318812945637579236841346871259
697148235143257968258369147376591482519482376824673519435726891962814753781935624
952431876378652149461789532719368254245917368836245791193876425524193687687524913
719482365635917284824635197196528743347169528582374916471893652268751439953246871
215736498936482175748591236891324657567918342423675981382147569154869723679253814
613725489275498361849163257932617548584932176761584932426379815158246793397851624
256174938714983562389526417561842379892357641437691285623715894975438126148269753
821957634647832159395146287572369841963481572418275963136524798254798316789613425
987524316452361798136897425365489172821673954794152683619235847273948561548716239
921648573846357192375291864593874621162539487784162359239485716418726935657913248
523681794819745236764329851982137465371456928456298317247513689138964572695872143
568193427174825396923476158712648935635719842489352671897264513246531789351987264
